Generation: 0 ~ Fitness: [0.220625 0.220625 0.220625 0.220625 0.220625 0.220625 0.220625 0.220625
 0.220625 0.220625 0.220625 0.220625 0.220625 0.220625 0.220625 0.220625
 0.220625 0.220625 0.220625 0.220625]
Generation: 1 ~ Fitness: [0.283125 0.283125 0.283125 0.283125 0.283125 0.283125 0.283125 0.283125
 0.283125 0.283125 0.283125 0.283125 0.283125 0.283125 0.283125 0.283125
 0.283125 0.283125 0.283125 0.283125]
Generation: 2 ~ Fitness: [0.283125 0.283125 0.283125 0.283125 0.283125 0.283125 0.283125 0.283125
 0.283125 0.283125 0.283125 0.283125 0.283125 0.283125 0.283125 0.283125
 0.283125 0.283125 0.283125 0.283125]
Generation: 3 ~ Fitness: [0.283125 0.283125 0.283125 0.283125 0.283125 0.283125 0.283125 0.283125
 0.283125 0.283125 0.283125 0.283125 0.283125 0.283125 0.283125 0.283125
 0.283125 0.283125 0.283125 0.283125]
Generation: 4 ~ Fitness: [0.283125 0.283125 0.283125 0.283125 0.283125 0.283125 0.283125 0.283125
 0.283125 0.283125 0.283125 0.283125 0.283125 0.283125 0.283125 0.283125
 0.283125 0.283125 0.283125 0.283125]
